
==========================================================================================================================================================================
Statistic                                           N                 Mean                              St. Dev.                Min                   Max                 
--------------------------------------------------------------------------------------------------------------------------------------------------------------------------
three.year.lagged.GDP.average                       14 206,224,291,288,425,007,415,296.000 771,620,642,765,305,527,926,784.000 0.000 2,887,140,077,807,768,579,342,336.000
three.year.lagged.youth.literacy.ratio              14               190.000                             540.000               0.000               2,022.000              
three.year.lagged.adult.literacy.ratio              14               187.000                             537.000               0.000               2,013.000              
previous.year.primary.school.enrollment.ratio       14               216.000                             468.000               0.000               1,555.000              
three.year.lagged.primary.school.enrollment.ratio   14               241.000                             484.000               0.000               1,365.000              
three.year.lagged.secondary.school.enrollment.ratio 14               193.000                             533.000               0.000               1,990.000              
three.year.lagged.secondary.school.repeat.ratio     14               226.000                             491.000               0.000               1,644.000              
three.year.lagged.labor.force.participation.ratio   14              5,600.000                          19,994.000              0.000              75,053.000              
three.year.lagged.vulnerable.employment.ratio       14               180.000                             602.000               0.000               2,265.000              
life.expectancy                                     14              8,031.000                          29,280.000              0.000              109,740.000             
--------------------------------------------------------------------------------------------------------------------------------------------------------------------------
